0 -0.9 -0.9 0.9 -0.9 -0.9 0.9 0.190909 -0.891968 -0.891603 -0.9 0 
0.0529412 -0.9 -0.9 0.9 -0.9 -0.9 0.9 0.627273 -0.850318 -0.843345 -0.9 0 
0.423529 -0.9 -0.9 -0.9 -0.9 -0.9 0.9 -0.627273 -0.886632 -0.887574 -0.9 0 
-0.105882 -0.9 -0.9 0.9 -0.9 -0.9 -0.9 -0.9 -0.883257 -0.881927 -0.9 0 
-0.317647 -0.9 -0.9 0.9 -0.9 -0.9 0.9 -0.790909 -0.893853 -0.892954 -0.9 0 
-0.9 0.9 -0.9 -0.9 -0.9 0.9 -0.9 -0.9 -0.895946 -0.895777 0.9 0 
0 -0.9 0.9 -0.9 -0.9 -0.9 -0.9 -0.9 -0.893891 -0.89433 0.9 0 
-0.211765 -0.9 -0.9 0.9 -0.9 -0.9 0.9 0.0272727 -0.890893 -0.890493 -0.9 0 
-0.476471 -0.9 -0.9 0.9 -0.9 -0.9 0.9 0.136364 -0.880768 -0.880649 -0.9 0 
-0.582353 -0.9 -0.9 0.9 -0.9 -0.9 -0.9 -0.9 -0.897285 -0.897105 0.9 0 
0.211765 -0.9 -0.9 -0.9 -0.9 -0.9 -0.9 -0.9 -0.886802 -0.885812 -0.9 0 
0.635294 -0.9 -0.9 -0.9 0.9 -0.9 -0.9 -0.9 -0.895777 -0.896019 0.9 0 
0.370588 -0.9 -0.9 -0.9 -0.9 -0.9 -0.9 -0.9 -0.89029 -0.889311 -0.9 0 
-0.264706 -0.9 -0.9 -0.9 -0.9 -0.9 0.9 -0.9 -0.889441 -0.889673 -0.9 0 
0.0529412 -0.9 -0.9 0.9 -0.9 -0.9 0.9 0.681818 -0.884426 -0.881855 -0.9 0 
0.423529 -0.9 -0.9 -0.9 -0.9 -0.9 0.9 -0.572727 -0.887462 -0.886415 -0.9 0 
0.476471 -0.9 -0.9 0.9 -0.9 -0.9 0.9 -0.627273 -0.891779 -0.89281 0.9 0 
-0.476471 0.9 -0.9 -0.9 -0.9 0.9 -0.9 -0.9 -0.889932 -0.888683 -0.9 0 
-0.264706 -0.9 -0.9 -0.9 -0.9 -0.9 -0.9 -0.9 -0.886557 -0.884678 -0.9 0 
-0.158824 -0.9 -0.9 0.9 -0.9 -0.9 0.9 -0.572727 -0.898171 -0.897925 0.9 0 
-0.370588 -0.9 0.9 -0.9 -0.9 -0.9 -0.9 -0.9 -0.862385 -0.857171 0.9 0 
0.211765 -0.9 -0.9 0.9 -0.9 -0.9 -0.9 -0.9 -0.886557 -0.886801 -0.9 0 
0.317647 -0.9 -0.9 -0.9 -0.9 -0.9 -0.9 -0.9 -0.892571 -0.892062 0.9 0 
-0.688235 -0.9 -0.9 0.9 -0.9 -0.9 0.9 0.9 -0.884087 -0.881445 -0.9 0 
-0.688235 -0.9 -0.9 0.9 -0.9 -0.9 0.9 -0.9 -0.899679 -0.899976 0.9 0 
0.370588 -0.9 -0.9 0.9 -0.9 -0.9 0.9 -0.681818 -0.890139 -0.890373 0.9 0 
0.476471 -0.9 -0.9 0.9 -0.9 -0.9 0.9 -0.518182 -0.893985 -0.894137 0.9 0 
0.370588 -0.9 -0.9 -0.9 -0.9 -0.9 0.9 -0.190909 -0.887669 -0.888708 -0.9 0 
-0.158824 -0.9 -0.9 -0.9 -0.9 -0.9 0.9 -0.518182 -0.890535 -0.889745 -0.9 0 
-0.476471 -0.9 -0.9 0.9 -0.9 0.9 -0.9 -0.9 -0.880316 -0.878018 -0.9 0 
-0.582353 0.9 -0.9 -0.9 -0.9 -0.9 -0.9 -0.9 -0.889856 -0.889118 -0.9 0 
-0.529412 -0.9 -0.9 0.9 -0.9 -0.9 -0.9 -0.9 -0.875413 -0.872324 -0.9 0 
-0.688235 -0.9 -0.9 -0.9 0.9 0.9 0.9 -0.627273 -0.887876 -0.885909 -0.9 0 
0 -0.9 -0.9 -0.9 0.9 -0.9 -0.9 -0.9 -0.891063 -0.890879 -0.9 0 
0.0529412 -0.9 -0.9 -0.9 -0.9 -0.9 0.9 -0.245455 -0.885388 -0.883906 -0.9 0 
-0.0529412 -0.9 -0.9 0.9 -0.9 -0.9 -0.9 -0.9 -0.890252 -0.889576 -0.9 0 
0.423529 -0.9 -0.9 -0.9 -0.9 -0.9 0.9 0.190909 -0.888423 -0.887163 -0.9 0 
-0.582353 0.9 -0.9 -0.9 -0.9 -0.9 -0.9 -0.9 -0.888404 -0.887405 -0.9 0 
-0.794118 -0.9 -0.9 0.9 -0.9 -0.9 0.9 -0.790909 -0.891647 -0.889914 -0.9 0 
-0.582353 -0.9 -0.9 0.9 -0.9 -0.9 0.9 0.518182 -0.870606 -0.866292 -0.9 0 
0.370588 -0.9 -0.9 0.9 -0.9 -0.9 -0.9 -0.9 -0.891911 -0.891651 -0.9 0 
0.264706 -0.9 -0.9 0.9 -0.9 -0.9 -0.9 -0.9 -0.893005 -0.891748 0.9 0 
0.0529412 -0.9 -0.9 -0.9 -0.9 -0.9 -0.9 -0.9 -0.888272 -0.887574 -0.9 0 
0.370588 0.9 -0.9 -0.9 -0.9 -0.9 0.9 -0.0272727 -0.888254 -0.88796 -0.9 0 
0.105882 -0.9 -0.9 0.9 -0.9 -0.9 -0.9 -0.9 -0.896587 -0.896477 -0.9 0 
0.529412 -0.9 -0.9 0.9 -0.9 -0.9 -0.9 -0.9 -0.884049 -0.882796 -0.9 0 
-0.158824 -0.9 -0.9 0.9 -0.9 -0.9 0.9 -0.354545 -0.897775 -0.897515 0.9 0 
-0.0529412 -0.9 -0.9 -0.9 -0.9 -0.9 -0.9 -0.9 -0.863912 -0.856809 -0.9 0 
0.423529 -0.9 -0.9 0.9 -0.9 -0.9 -0.9 -0.9 -0.888159 -0.886898 0.9 0 
-0.264706 -0.9 -0.9 -0.9 -0.9 -0.9 -0.9 -0.9 -0.884294 -0.88089 -0.9 0 
0.158824 -0.9 -0.9 0.9 -0.9 -0.9 -0.9 -0.9 -0.897737 -0.897901 0.9 0 
0.423529 -0.9 -0.9 0.9 -0.9 -0.9 -0.9 -0.9 -0.882993 -0.87978 -0.9 0 
0 -0.9 -0.9 -0.9 -0.9 -0.9 -0.9 -0.9 -0.877563 -0.87604 -0.9 0 
0.211765 -0.9 -0.9 0.9 -0.9 -0.9 -0.9 -0.9 -0.890686 -0.890807 -0.9 0 
0.0529412 -0.9 -0.9 0.9 -0.9 0.9 -0.9 -0.9 -0.888084 -0.887839 -0.9 0 
-0.211765 -0.9 -0.9 -0.9 -0.9 -0.9 -0.9 -0.9 -0.876017 -0.873313 -0.9 0 
0 -0.9 -0.9 -0.9 -0.9 -0.9 -0.9 -0.9 -0.885161 -0.885716 -0.9 0 
-0.317647 -0.9 -0.9 0.9 -0.9 -0.9 0.9 -0.354545 -0.894098 -0.894306 0.9 0 
-0.370588 -0.9 -0.9 0.9 -0.9 -0.9 0.9 -0.354545 -0.888103 -0.887284 -0.9 0 
-0.0529412 -0.9 -0.9 0.9 -0.9 -0.9 -0.9 -0.9 -0.891591 -0.891603 -0.9 0 
0.635294 -0.9 -0.9 0.9 -0.9 -0.9 0.9 0.190909 -0.881447 -0.880576 -0.9 0 
-0.423529 -0.9 -0.9 0.9 -0.9 0.9 0.9 -0.409091 -0.882918 -0.879418 -0.9 0 
0.317647 -0.9 -0.9 0.9 -0.9 -0.9 -0.9 -0.9 -0.890818 -0.890035 -0.9 0 
0.582353 -0.9 -0.9 -0.9 -0.9 -0.9 -0.9 -0.9 -0.891515 -0.888659 -0.9 0 
-0.105882 -0.9 -0.9 0.9 -0.9 -0.9 -0.9 -0.9 -0.887462 -0.88434 0.9 0 
-0.847059 -0.9 -0.9 0.9 -0.9 -0.9 -0.9 -0.9 -0.888895 -0.88907 -0.9 0 
-0.264706 -0.9 -0.9 0.9 -0.9 -0.9 0.9 -0.845455 -0.899811 -0.899807 0.9 0 
0.158824 -0.9 -0.9 0.9 -0.9 -0.9 -0.9 -0.9 -0.881315 -0.878332 -0.9 0 
-0.0529412 -0.9 -0.9 0.9 -0.9 -0.9 0.9 0.245455 -0.889592 -0.888708 0.9 0 
0.105882 -0.9 -0.9 0.9 -0.9 -0.9 -0.9 -0.9 -0.884256 -0.881976 -0.9 0 
-0.211765 -0.9 -0.9 0.9 -0.9 -0.9 -0.9 -0.9 -0.886764 -0.885137 -0.9 0 
0.264706 -0.9 -0.9 0.9 -0.9 -0.9 0.9 -0.136364 -0.888612 -0.890397 -0.9 0 
-0.211765 -0.9 -0.9 0.9 -0.9 -0.9 -0.9 -0.9 -0.891308 -0.891265 -0.9 0 
-0.158824 -0.9 -0.9 0.9 -0.9 -0.9 0.9 -0.409091 -0.894061 -0.892713 -0.9 0 
0.0529412 -0.9 -0.9 0.9 -0.9 -0.9 0.9 -0.736364 -0.898718 -0.899011 0.9 0 
-0.370588 -0.9 -0.9 0.9 -0.9 -0.9 0.9 -0.354545 -0.879543 -0.878356 -0.9 0 
0.317647 -0.9 -0.9 0.9 -0.9 -0.9 -0.9 -0.9 -0.889649 -0.888104 -0.9 0 
-0.105882 -0.9 -0.9 0.9 -0.9 0.9 0.9 0.0272727 -0.898624 -0.898818 0.9 0 
-0.370588 -0.9 -0.9 0.9 -0.9 0.9 0.9 -0.736364 -0.892609 -0.892448 -0.9 0 
0.211765 -0.9 -0.9 -0.9 -0.9 -0.9 0.9 -0.190909 -0.885388 -0.881903 -0.9 0 
-0.476471 -0.9 -0.9 0.9 -0.9 -0.9 -0.9 -0.9 -0.9 -0.899952 0.9 0 
-0.264706 -0.9 -0.9 0.9 -0.9 -0.9 0.9 -0.245455 -0.884388 -0.883616 -0.9 0 
-0.370588 -0.9 -0.9 0.9 -0.9 -0.9 0.9 -0.572727 -0.890139 -0.889214 -0.9 0 
0 -0.9 -0.9 -0.9 -0.9 -0.9 0.9 -0.190909 -0.885444 -0.886005 -0.9 0 
0 -0.9 -0.9 0.9 -0.9 -0.9 -0.9 -0.9 -0.886368 -0.883761 -0.9 0 
-0.529412 -0.9 -0.9 0.9 -0.9 -0.9 -0.9 -0.9 -0.894551 -0.893413 0.9 0 
-0.211765 -0.9 -0.9 0.9 -0.9 -0.9 -0.9 -0.9 -0.880089 -0.877825 -0.9 0 
-0.211765 -0.9 -0.9 0.9 -0.9 -0.9 -0.9 -0.9 -0.889064 -0.887501 -0.9 0 
-0.0529412 -0.9 -0.9 -0.9 -0.9 -0.9 0.9 -0.845455 -0.89851 -0.898383 0.9 0 
-0.423529 -0.9 -0.9 0.9 -0.9 -0.9 0.9 -0.627273 -0.888555 -0.887043 -0.9 0 
-0.105882 -0.9 -0.9 0.9 -0.9 -0.9 -0.9 -0.9 -0.883464 -0.881372 0.9 0 
-0.158824 -0.9 -0.9 0.9 -0.9 0.9 0.9 -0.190909 -0.893721 -0.892689 0.9 0 
-0.582353 -0.9 -0.9 0.9 -0.9 -0.9 -0.9 -0.9 -0.889347 -0.887477 -0.9 0 
-0.0529412 -0.9 -0.9 0.9 -0.9 -0.9 0.9 -0.572727 -0.889215 -0.889287 -0.9 0 
-0.317647 -0.9 -0.9 0.9 -0.9 -0.9 0.9 0.0818182 -0.898925 -0.898842 0.9 0 
-0.211765 -0.9 -0.9 0.9 -0.9 -0.9 0.9 -0.518182 -0.893872 -0.894402 0.9 0 
-0.211765 -0.9 -0.9 0.9 -0.9 0.9 0.9 -0.572727 -0.887876 -0.886005 -0.9 0 
0.158824 -0.9 -0.9 0.9 -0.9 -0.9 -0.9 -0.9 -0.887669 -0.885016 0.9 0 
0.158824 -0.9 -0.9 0.9 -0.9 -0.9 -0.9 -0.9 -0.892835 -0.891989 -0.9 0 
-0.847059 -0.9 -0.9 0.9 -0.9 -0.9 -0.9 -0.9 -0.897662 -0.897394 0.9 0 
-0.635294 -0.9 -0.9 0.9 -0.9 -0.9 0.9 0.354545 -0.889837 -0.888201 -0.9 0 
0.211765 -0.9 -0.9 0.9 -0.9 -0.9 0.9 0.136364 -0.88337 -0.881903 -0.9 0 
-0.264706 -0.9 -0.9 -0.9 -0.9 -0.9 -0.9 -0.9 -0.874659 -0.870804 -0.9 0 
0.158824 -0.9 -0.9 0.9 -0.9 -0.9 0.9 -0.681818 -0.899152 -0.89889 0.9 0 
-0.317647 -0.9 -0.9 0.9 -0.9 -0.9 0.9 0.136364 -0.893759 -0.893147 -0.9 0 
0.317647 -0.9 -0.9 0.9 -0.9 -0.9 -0.9 -0.9 -0.893948 -0.894161 -0.9 0 
-0.211765 -0.9 -0.9 -0.9 -0.9 -0.9 0.9 -0.681818 -0.892138 -0.891314 -0.9 0 
0 -0.9 -0.9 0.9 -0.9 -0.9 0.9 -0.0818182 -0.891761 -0.892351 -0.9 0 
0.0529412 -0.9 -0.9 0.9 -0.9 -0.9 -0.9 -0.9 -0.888781 -0.890903 -0.9 0 
0.158824 -0.9 -0.9 0.9 -0.9 -0.9 -0.9 -0.9 -0.886293 -0.88393 0.9 0 
0.0529412 -0.9 -0.9 0.9 -0.9 -0.9 0.9 -0.736364 -0.898737 -0.899059 0.9 0 
0 -0.9 -0.9 0.9 -0.9 -0.9 -0.9 -0.9 -0.879166 -0.873265 -0.9 0 
-0.582353 -0.9 0.9 -0.9 -0.9 0.9 0.9 -0.518182 -0.898473 -0.898528 0.9 0 
-0.423529 -0.9 -0.9 0.9 -0.9 -0.9 -0.9 -0.9 -0.887179 -0.887187 -0.9 0 
-0.688235 -0.9 -0.9 0.9 -0.9 -0.9 0.9 -0.354545 -0.894381 -0.893461 0.9 0 
0.476471 -0.9 -0.9 0.9 -0.9 -0.9 -0.9 -0.9 -0.886293 -0.886536 0.9 0 
0.158824 -0.9 -0.9 -0.9 -0.9 -0.9 0.9 -0.845455 -0.884671 -0.885836 -0.9 0 
0.423529 -0.9 -0.9 0.9 -0.9 -0.9 -0.9 -0.9 -0.881862 -0.88241 -0.9 0 
-0.264706 -0.9 -0.9 0.9 -0.9 -0.9 0.9 0.790909 -0.894664 -0.894957 -0.9 0 
0.688235 -0.9 -0.9 0.9 -0.9 0.9 0.9 -0.463636 -0.898096 -0.89848 0.9 0 
0.211765 -0.9 -0.9 0.9 -0.9 -0.9 -0.9 -0.9 -0.891798 -0.890469 0.9 0 
0 -0.9 -0.9 -0.9 0.9 0.9 0.9 -0.627273 -0.897096 -0.897804 0.9 0 
0.370588 -0.9 -0.9 0.9 -0.9 -0.9 -0.9 -0.9 -0.869927 -0.870732 -0.9 0 
0.529412 -0.9 -0.9 -0.9 -0.9 -0.9 0.9 -0.3 -0.875941 -0.881107 -0.9 0 
-0.9 -0.9 -0.9 0.9 -0.9 0.9 0.9 -0.845455 -0.897719 -0.897225 0.9 0 
0.529412 -0.9 -0.9 -0.9 -0.9 -0.9 0.9 -0.190909 -0.891949 -0.892303 -0.9 0 
0.105882 -0.9 -0.9 0.9 -0.9 0.9 -0.9 -0.9 -0.892232 -0.893654 0.9 0 
-0.688235 -0.9 -0.9 -0.9 -0.9 -0.9 -0.9 -0.9 -0.887179 -0.885667 -0.9 0 
-0.317647 -0.9 -0.9 0.9 -0.9 -0.9 0.9 -0.409091 -0.887839 -0.888925 0.9 0 
-0.741176 -0.9 -0.9 0.9 -0.9 0.9 0.9 -0.3 -0.879769 -0.880262 0.9 0 
-0.105882 -0.9 -0.9 0.9 -0.9 -0.9 0.9 -0.354545 -0.897907 -0.898649 0.9 0 
-0.211765 -0.9 -0.9 -0.9 -0.9 -0.9 -0.9 -0.9 -0.890158 -0.889528 -0.9 0 
0.317647 -0.9 -0.9 0.9 -0.9 0.9 -0.9 -0.9 -0.885916 -0.886633 -0.9 0 
-0.105882 -0.9 -0.9 0.9 -0.9 -0.9 -0.9 -0.9 -0.85786 -0.853793 -0.9 0 
-0.847059 -0.9 -0.9 0.9 -0.9 -0.9 -0.9 -0.9 -0.9 -0.9 0.9 0 
-0.476471 -0.9 -0.9 0.9 -0.9 -0.9 0.9 0.3 -0.889159 -0.88796 0.9 0 
-0.158824 -0.9 -0.9 0.9 -0.9 -0.9 0.9 0.136364 -0.885331 -0.882844 0.9 0 
-0.741176 -0.9 -0.9 -0.9 -0.9 -0.9 0.9 -0.845455 -0.874188 -0.863324 -0.9 0 
0 -0.9 -0.9 0.9 -0.9 -0.9 0.9 -0.9 -0.898322 -0.898287 0.9 0 
-0.211765 -0.9 -0.9 -0.9 -0.9 -0.9 -0.9 -0.9 -0.893552 -0.89223 -0.9 0 
-0.423529 -0.9 -0.9 0.9 -0.9 -0.9 -0.9 -0.9 -0.899453 -0.899373 0.9 0 
0.0529412 -0.9 -0.9 0.9 -0.9 -0.9 -0.9 -0.9 -0.869606 -0.866533 -0.9 0 
-0.582353 -0.9 -0.9 -0.9 -0.9 -0.9 0.9 -0.409091 -0.8888 -0.885909 -0.9 0 
-0.105882 -0.9 0.9 -0.9 -0.9 0.9 -0.9 -0.9 -0.895041 -0.894788 0.9 1 
-0.423529 -0.9 -0.9 0.9 -0.9 -0.9 -0.9 -0.9 -0.88765 -0.886633 -0.9 1 
0.158824 -0.9 -0.9 0.9 -0.9 -0.9 -0.9 -0.9 -0.890328 -0.887525 0.9 1 
0.158824 -0.9 -0.9 0.9 -0.9 0.9 0.9 -0.627273 -0.892194 -0.891314 0.9 1 
0.529412 -0.9 -0.9 0.9 -0.9 -0.9 -0.9 -0.9 -0.886726 -0.884799 0.9 1 
-0.688235 -0.9 -0.9 0.9 -0.9 -0.9 0.9 -0.845455 -0.89489 -0.893992 -0.9 1 
0.529412 -0.9 -0.9 0.9 -0.9 0.9 0.9 -0.845455 -0.892383 -0.892086 0.9 1 
-0.317647 -0.9 -0.9 0.9 -0.9 0.9 0.9 -0.0818182 -0.889705 -0.88837 0.9 1 
-0.794118 -0.9 -0.9 0.9 -0.9 -0.9 0.9 -0.354545 -0.885897 -0.882675 -0.9 1 
0.688235 -0.9 -0.9 0.9 -0.9 -0.9 -0.9 -0.9 -0.88618 -0.884871 0.9 1 
-0.423529 -0.9 -0.9 0.9 -0.9 -0.9 0.9 -0.736364 -0.891779 -0.890373 -0.9 1 
-0.0529412 -0.9 0.9 -0.9 -0.9 -0.9 -0.9 -0.9 -0.892703 -0.890686 -0.9 1 
0.0529412 -0.9 -0.9 -0.9 -0.9 -0.9 0.9 -0.463636 -0.888781 -0.88475 -0.9 1 
0.264706 -0.9 -0.9 0.9 -0.9 -0.9 -0.9 -0.9 -0.889121 -0.885836 0.9 1 
-0.741176 -0.9 -0.9 0.9 -0.9 -0.9 -0.9 -0.9 -0.865289 -0.857774 0.9 1 
0.211765 0.9 -0.9 -0.9 -0.9 -0.9 -0.9 -0.9 -0.888989 -0.889383 -0.9 1 
-0.211765 -0.9 -0.9 0.9 -0.9 -0.9 0.9 -0.245455 -0.892138 -0.890662 -0.9 1 
0.264706 -0.9 -0.9 0.9 -0.9 -0.9 -0.9 -0.9 -0.884351 -0.881686 0.9 1 
-0.158824 -0.9 -0.9 0.9 -0.9 -0.9 0.9 -0.572727 -0.886632 -0.884364 -0.9 1 
0 -0.9 -0.9 -0.9 -0.9 -0.9 0.9 -0.790909 -0.8898 -0.891675 -0.9 1 
0.370588 -0.9 -0.9 0.9 -0.9 -0.9 0.9 -0.9 -0.84732 -0.837723 0.9 1 
-0.158824 -0.9 -0.9 0.9 -0.9 -0.9 0.9 -0.790909 -0.898115 -0.897877 0.9 1 
-0.317647 0.9 -0.9 -0.9 -0.9 -0.9 -0.9 -0.9 -0.865835 -0.859584 -0.9 1 
-0.105882 0.9 -0.9 -0.9 -0.9 -0.9 -0.9 -0.9 0.9 0.9 -0.9 1 
0.423529 -0.9 -0.9 0.9 -0.9 -0.9 -0.9 -0.9 -0.885689 -0.881493 -0.9 1 
-0.211765 -0.9 -0.9 0.9 -0.9 -0.9 -0.9 -0.9 -0.892534 -0.891314 0.9 1 
0.529412 -0.9 -0.9 0.9 -0.9 0.9 0.9 -0.354545 -0.878675 -0.875002 0.9 1 
-0.264706 -0.9 -0.9 0.9 -0.9 -0.9 0.9 0.3 -0.891459 -0.891507 0.9 1 
0.211765 -0.9 -0.9 -0.9 -0.9 -0.9 0.9 0.845455 -0.886745 -0.883689 -0.9 1 
-0.317647 -0.9 -0.9 0.9 -0.9 0.9 0.9 0.463636 -0.885652 -0.883906 -0.9 1 
-0.158824 -0.9 -0.9 0.9 -0.9 0.9 0.9 -0.518182 -0.887103 -0.884799 0.9 1 
-0.741176 -0.9 -0.9 0.9 -0.9 -0.9 0.9 0.845455 -0.885934 -0.883568 0.9 1 
-0.688235 -0.9 -0.9 0.9 -0.9 0.9 0.9 -0.463636 -0.885199 -0.880938 0.9 1 
-0.370588 0.9 -0.9 -0.9 -0.9 -0.9 -0.9 -0.9 -0.884256 -0.881541 -0.9 1 
0.211765 -0.9 -0.9 -0.9 -0.9 -0.9 0.9 -0.681818 -0.884388 -0.882941 -0.9 1 
-0.582353 -0.9 -0.9 0.9 -0.9 -0.9 0.9 -0.9 -0.86855 -0.860477 0.9 1 
0.105882 -0.9 -0.9 -0.9 -0.9 -0.9 -0.9 -0.9 -0.884483 -0.882434 0.9 1 
-0.158824 -0.9 -0.9 0.9 -0.9 -0.9 0.9 -0.572727 -0.87449 -0.868946 -0.9 1 
-0.105882 -0.9 -0.9 0.9 -0.9 -0.9 -0.9 -0.9 -0.890874 -0.88989 -0.9 1 
0.0529412 -0.9 -0.9 0.9 -0.9 -0.9 -0.9 -0.9 -0.858972 -0.852659 -0.9 1 
-0.476471 -0.9 -0.9 0.9 -0.9 -0.9 0.9 -0.354545 -0.892345 -0.891965 -0.9 1 
0.105882 -0.9 -0.9 -0.9 -0.9 -0.9 0.9 -0.245455 -0.884596 -0.879177 -0.9 1 
0 -0.9 -0.9 0.9 -0.9 -0.9 -0.9 -0.9 -0.886557 -0.884654 -0.9 1 
0.158824 -0.9 -0.9 0.9 -0.9 -0.9 -0.9 -0.9 -0.881541 -0.880287 -0.9 1 
-0.105882 -0.9 -0.9 0.9 -0.9 0.9 -0.9 -0.9 -0.655323 -0.683056 0.9 1 
-0.9 0.9 -0.9 -0.9 -0.9 -0.9 -0.9 -0.9 -0.88831 -0.886391 0.9 1 
-0.0529412 -0.9 -0.9 0.9 -0.9 -0.9 -0.9 -0.9 -0.893156 -0.891386 -0.9 1 
-0.264706 -0.9 0.9 -0.9 -0.9 -0.9 -0.9 -0.9 -0.88535 -0.881855 -0.9 1 
-0.105882 -0.9 -0.9 0.9 -0.9 -0.9 0.9 -0.3 -0.8832 -0.881976 -0.9 1 
0.264706 -0.9 -0.9 0.9 -0.9 -0.9 0.9 -0.790909 -0.893137 -0.892834 0.9 1 
-0.423529 -0.9 -0.9 0.9 -0.9 -0.9 0.9 -0.681818 -0.889988 -0.888877 -0.9 1 
0.423529 -0.9 -0.9 0.9 -0.9 -0.9 -0.9 -0.9 -0.898793 -0.898818 0.9 1 
-0.741176 0.9 -0.9 -0.9 -0.9 -0.9 -0.9 -0.9 -0.882182 -0.878791 0.9 1 
0 -0.9 -0.9 -0.9 -0.9 -0.9 0.9 -0.572727 -0.872189 -0.865664 -0.9 1 
0.264706 -0.9 -0.9 0.9 -0.9 -0.9 -0.9 -0.9 -0.886274 -0.883279 0.9 1 
0.423529 -0.9 -0.9 0.9 -0.9 -0.9 -0.9 -0.9 -0.818717 -0.796269 0.9 1 
0.264706 -0.9 -0.9 -0.9 -0.9 -0.9 -0.9 -0.9 -0.892364 -0.890734 -0.9 1 
-0.158824 -0.9 -0.9 0.9 -0.9 -0.9 0.9 -0.736364 -0.899604 -0.899397 0.9 1 
0.264706 -0.9 -0.9 0.9 -0.9 -0.9 0.9 -0.572727 -0.895343 -0.894499 0.9 1 
0.423529 -0.9 -0.9 0.9 -0.9 0.9 0.9 0.0272727 -0.878864 -0.874206 -0.9 1 
0.0529412 -0.9 -0.9 -0.9 -0.9 -0.9 0.9 -0.572727 -0.899585 -0.899493 0.9 1 
-0.476471 -0.9 -0.9 0.9 -0.9 -0.9 0.9 -0.0272727 -0.889083 -0.88697 -0.9 1 
0.370588 -0.9 -0.9 0.9 -0.9 0.9 0.9 -0.136364 -0.887669 -0.885885 -0.9 1 
0 -0.9 -0.9 -0.9 -0.9 -0.9 -0.9 -0.9 -0.88205 -0.876981 -0.9 1 
0.9 -0.9 -0.9 0.9 -0.9 0.9 0.9 0.627273 -0.8967 -0.89667 0.9 1 
0.105882 -0.9 -0.9 0.9 -0.9 0.9 -0.9 -0.9 -0.724425 -0.7123 -0.9 1 
0.317647 -0.9 -0.9 0.9 -0.9 0.9 -0.9 -0.9 -0.782705 -0.760414 0.9 1 
0.582353 -0.9 -0.9 0.9 -0.9 0.9 0.9 -0.790909 -0.895984 -0.89556 0.9 1 
0.0529412 -0.9 -0.9 -0.9 -0.9 -0.9 -0.9 -0.9 -0.875828 -0.87078 -0.9 1 
0.105882 -0.9 -0.9 0.9 -0.9 -0.9 0.9 0.518182 -0.849375 -0.837627 -0.9 1 
0.105882 -0.9 -0.9 0.9 -0.9 -0.9 0.9 0.0272727 -0.883068 -0.883785 -0.9 1 
-0.423529 -0.9 -0.9 0.9 -0.9 -0.9 0.9 -0.190909 -0.885727 -0.883472 -0.9 1 
0.0529412 -0.9 -0.9 0.9 -0.9 -0.9 0.9 -0.136364 -0.891421 -0.889697 -0.9 1 
-0.529412 -0.9 -0.9 0.9 -0.9 -0.9 -0.9 -0.9 -0.891025 -0.889625 -0.9 1 
0.476471 -0.9 -0.9 0.9 -0.9 -0.9 -0.9 -0.9 -0.875772 -0.870273 0.9 1 
